48620 4842 1392 633 50
85 270 206 232 47
7 38 150 18 73
71 230 188 198 14
90 276 84 203 29
8 11 109 7 76
33 88 67 72 99
95 204 1 116 51
28 210 176 46 91
30 224 98 60 45
48 226 11 115 79
69 147 27 130 76
25 215 155 22 76
92 173 132 95 62
48 178 59 111 15
83 229 164 184 33
85 135 193 79 83
65 194 194 81 30
83 159 126 142 31
9 25 79 20 23
97 172 149 120 42
63 161 150 94 49
73 117 98 75 46
9 148 166 28 50
98 134 156 98 34
14 195 24 16 27
21 182 132 82 26
3 129 120 69 64
70 190 44 110 1
46 107 185 86 1
80 141 99 115 60
27 211 79 157 75
22 77 146 60 73
29 79 85 63 60
58 206 105 149 8
75 254 140 75 17
15 24 119 15 6
95 102 67 88 97
64 159 145 75 86
52 103 55 66 77
91 209 96 122 74
60 197 127 122 37
45 56 167 43 7
89 231 99 169 32
18 208 109 112 20
1 138 75 28 71
87 132 100 115 12
36 173 44 52 95
89 196 47 87 24
65 225 85 130 81
39 82 125 49 89
